0 0.17369791666666667 0.13657407407407407 0.04635416666666667 0.021296296296296296
0 0.21979166666666666 0.16064814814814815 0.035416666666666666 0.025
0 0.175 0.16435185185185186 0.03854166666666667 0.025
0 0.17526041666666667 0.19722222222222222 0.03802083333333333 0.025925925925925925
0 0.21848958333333332 0.22175925925925927 0.03177083333333333 0.025
0 0.178125 0.22361111111111112 0.03333333333333333 0.019444444444444445
1 0.22005208333333334 0.19212962962962962 0.0296875 0.028703703703703703
0 0.18177083333333333 0.2569444444444444 0.034375 0.023148148148148147
0 0.18046875 0.2847222222222222 0.034895833333333334 0.025
1 0.18177083333333333 0.3138888888888889 0.0375 0.02962962962962963
0 0.18125 0.3435185185185185 0.0375 0.025925925925925925
0 0.18203125 0.37037037037037035 0.04010416666666667 0.027777777777777776
1 0.18255208333333334 0.4013888888888889 0.0390625 0.026851851851851852
0 0.18151041666666667 0.4305555555555556 0.03697916666666667 0.025925925925925925
1 0.18203125 0.4583333333333333 0.03697916666666667 0.02962962962962963
0 0.1828125 0.4888888888888889 0.0375 0.02962962962962963
1 0.18255208333333334 0.5194444444444445 0.03697916666666667 0.02962962962962963
1 0.18307291666666667 0.5504629629629629 0.0359375 0.025
0 0.21901041666666668 0.549074074074074 0.033854166666666664 0.025925925925925925
0 0.21875 0.5189814814814815 0.03333333333333333 0.026851851851851852
1 0.21979166666666666 0.4875 0.03125 0.030555555555555555
0 0.21848958333333332 0.45925925925925926 0.030729166666666665 0.025925925925925925
0 0.22005208333333334 0.42824074074074076 0.030729166666666665 0.023148148148148147
1 0.21901041666666668 0.39814814814814814 0.03177083333333333 0.027777777777777776
1 0.21822916666666667 0.3699074074074074 0.03125 0.025
0 0.21666666666666667 0.3435185185185185 0.028125 0.024074074074074074
0 0.21770833333333334 0.31296296296296294 0.03229166666666667 0.027777777777777776
0 0.21692708333333333 0.28194444444444444 0.030729166666666665 0.026851851851851852
0 0.21927083333333333 0.25416666666666665 0.0375 0.026851851851851852
1 0.2203125 0.13194444444444445 0.030208333333333334 0.025
1 0.18307291666666667 0.6143518518518518 0.024479166666666666 0.021296296296296296
0 0.21744791666666666 0.6138888888888889 0.027604166666666666 0.022222222222222223
0 0.18385416666666668 0.6476851851851851 0.023958333333333335 0.019444444444444445
0 0.18463541666666666 0.6722222222222223 0.03177083333333333 0.022222222222222223
0 0.22604166666666667 0.6995370370370371 0.03229166666666667 0.025
0 0.18125 0.7296296296296296 0.03229166666666667 0.024074074074074074
0 0.22135416666666666 0.7569444444444444 0.03333333333333333 0.028703703703703703
1 0.22005208333333334 0.6430555555555556 0.030729166666666665 0.025
1 0.22161458333333334 0.6680555555555555 0.030729166666666665 0.025
1 0.18307291666666667 0.7564814814814815 0.03802083333333333 0.025925925925925925
1 0.18645833333333334 0.7837962962962963 0.03854166666666667 0.030555555555555555
1 0.22213541666666667 0.7847222222222222 0.033854166666666664 0.030555555555555555
1 0.1859375 0.8152777777777778 0.036458333333333336 0.023148148148148147
1 0.18489583333333334 0.8407407407407408 0.035416666666666666 0.027777777777777776
1 0.221875 0.8717592592592592 0.029166666666666667 0.023148148148148147
1 0.18802083333333333 0.9560185185185185 0.034375 0.023148148148148147
1 0.18854166666666666 0.9879629629629629 0.03333333333333333 0.024074074074074074
0 0.22526041666666666 0.8476851851851852 0.0265625 0.025
0 0.22083333333333333 0.812962962962963 0.035416666666666666 0.024074074074074074
0 0.22239583333333332 0.899074074074074 0.028125 0.025925925925925925
0 0.22473958333333333 0.9254629629629629 0.0296875 0.028703703703703703
0 0.22447916666666667 0.961574074074074 0.03125 0.023148148148148147
0 0.22395833333333334 0.9888888888888889 0.026041666666666668 0.022222222222222223
1 0.30026041666666664 0.20601851851851852 0.03177083333333333 0.025
1 0.29973958333333334 0.2810185185185185 0.0296875 0.025
1 0.30520833333333336 0.6407407407407407 0.03333333333333333 0.024074074074074074
1 0.30416666666666664 0.6953703703703704 0.03333333333333333 0.027777777777777776
1 0.34088541666666666 0.7546296296296297 0.027604166666666666 0.022222222222222223
1 0.3067708333333333 0.7828703703703703 0.03333333333333333 0.026851851851851852
1 0.340625 0.7824074074074074 0.035416666666666666 0.025925925925925925
1 0.30520833333333336 0.8143518518518519 0.03125 0.023148148148148147
1 0.3416666666666667 0.8101851851851852 0.03333333333333333 0.027777777777777776
1 0.3421875 0.8398148148148148 0.028125 0.03333333333333333
1 0.3065104166666667 0.8703703703703703 0.033854166666666664 0.02962962962962963
1 0.34296875 0.8958333333333334 0.033854166666666664 0.023148148148148147
1 0.3458333333333333 0.9282407407407407 0.03854166666666667 0.03425925925925926
1 0.3067708333333333 0.9555555555555556 0.03958333333333333 0.020370370370370372
0 0.33515625 0.2152777777777778 0.027604166666666666 0.025
0 0.33619791666666665 0.25046296296296294 0.0296875 0.021296296296296296
0 0.3385416666666667 0.27685185185185185 0.03333333333333333 0.022222222222222223
0 0.33645833333333336 0.30925925925925923 0.030208333333333334 0.024074074074074074
0 0.29921875 0.2518518518518518 0.034895833333333334 0.022222222222222223
0 0.30130208333333336 0.3101851851851852 0.033854166666666664 0.025925925925925925
0 0.2994791666666667 0.3398148148148148 0.030208333333333334 0.014814814814814815
0 0.30026041666666664 0.3976851851851852 0.034895833333333334 0.021296296296296296
0 0.33932291666666664 0.399537037037037 0.0296875 0.025
0 0.30078125 0.4236111111111111 0.030729166666666665 0.021296296296296296
0 0.33828125 0.42314814814814816 0.028645833333333332 0.020370370370370372
0 0.30182291666666666 0.45601851851851855 0.0328125 0.021296296296296296
0 0.33671875 0.4550925925925926 0.0296875 0.021296296296296296
0 0.2984375 0.48842592592592593 0.034375 0.025
0 0.33880208333333334 0.48194444444444445 0.0265625 0.023148148148148147
0 0.33932291666666664 0.5148148148148148 0.03177083333333333 0.025925925925925925
0 0.3015625 0.5222222222222223 0.03333333333333333 0.027777777777777776
0 0.3020833333333333 0.5513888888888889 0.03229166666666667 0.021296296296296296
0 0.33489583333333334 0.5486111111111112 0.03125 0.023148148148148147
0 0.30026041666666664 0.6083333333333333 0.0359375 0.020370370370370372
0 0.3416666666666667 0.6421296296296296 0.029166666666666667 0.023148148148148147
0 0.34036458333333336 0.6689814814814815 0.027604166666666666 0.023148148148148147
0 0.34010416666666665 0.6976851851851852 0.021875 0.019444444444444445
0 0.3450520833333333 0.7296296296296296 0.0296875 0.027777777777777776
0 0.3390625 0.6148148148148148 0.035416666666666666 0.027777777777777776
0 0.3059895833333333 0.9 0.033854166666666664 0.024074074074074074
0 0.3411458333333333 0.8689814814814815 0.027083333333333334 0.023148148148148147
0 0.3059895833333333 0.925 0.03697916666666667 0.03333333333333333
0 0.340625 0.9587962962962963 0.028125 0.025
0 0.303125 0.9893518518518518 0.035416666666666666 0.019444444444444445
0 0.3416666666666667 0.9824074074074074 0.030208333333333334 0.020370370370370372
0 0.41901041666666666 0.2162037037037037 0.033854166666666664 0.021296296296296296
0 0.4205729166666667 0.24305555555555555 0.030729166666666665 0.025
0 0.42239583333333336 0.2712962962962963 0.036458333333333336 0.02962962962962963
0 0.4197916666666667 0.3013888888888889 0.03125 0.026851851851851852
0 0.41354166666666664 0.32546296296296295 0.014583333333333334 0.01574074074074074
0 0.4197916666666667 0.3587962962962963 0.03229166666666667 0.023148148148148147
0 0.4200520833333333 0.38657407407407407 0.030729166666666665 0.028703703703703703
0 0.42161458333333335 0.41712962962962963 0.027604166666666666 0.03425925925925926
0 0.42083333333333334 0.4773148148148148 0.034375 0.025
0 0.421875 0.5101851851851852 0.034375 0.03333333333333333
0 0.4192708333333333 0.5402777777777777 0.03229166666666667 0.025
0 0.421875 0.16064814814814815 0.041666666666666664 0.028703703703703703
0 0.3380208333333333 0.1638888888888889 0.028125 0.018518518518518517
0 0.2984375 0.10416666666666667 0.027083333333333334 0.023148148148148147
0 0.3328125 0.1125 0.029166666666666667 0.023148148148148147
0 0.45677083333333335 0.15833333333333333 0.025 0.020370370370370372
0 0.453125 0.18333333333333332 0.030208333333333334 0.018518518518518517
0 0.45390625 0.21851851851851853 0.027604166666666666 0.020370370370370372
0 0.45338541666666665 0.23935185185185184 0.0296875 0.019444444444444445
0 0.45416666666666666 0.2712962962962963 0.03125 0.025925925925925925
0 0.45234375 0.3023148148148148 0.0359375 0.019444444444444445
0 0.45703125 0.32546296296296295 0.024479166666666666 0.021296296296296296
0 0.45651041666666664 0.3560185185185185 0.03177083333333333 0.017592592592592594
0 0.459375 0.3837962962962963 0.028125 0.019444444444444445
0 0.459375 0.4152777777777778 0.03125 0.026851851851851852
0 0.45338541666666665 0.44537037037037036 0.0359375 0.016666666666666666
0 0.45729166666666665 0.4726851851851852 0.03125 0.03796296296296296
0 0.45755208333333336 0.5064814814814815 0.0359375 0.02962962962962963
0 0.46119791666666665 0.5472222222222223 0.03177083333333333 0.020370370370370372
0 0.4234375 0.6111111111111112 0.028125 0.020370370370370372
0 0.4552083333333333 0.6106481481481482 0.03125 0.019444444444444445
0 0.425 0.6398148148148148 0.029166666666666667 0.025925925925925925
0 0.46197916666666666 0.637962962962963 0.030208333333333334 0.020370370370370372
0 0.4239583333333333 0.6685185185185185 0.030208333333333334 0.022222222222222223
0 0.4609375 0.6689814814814815 0.025 0.025
0 0.4205729166666667 0.6986111111111111 0.04114583333333333 0.019444444444444445
0 0.4549479166666667 0.6949074074074074 0.044270833333333336 0.021296296296296296
0 0.42213541666666665 0.725925925925926 0.027604166666666666 0.024074074074074074
0 0.46536458333333336 0.7203703703703703 0.033854166666666664 0.025925925925925925
0 0.4270833333333333 0.8111111111111111 0.027083333333333334 0.024074074074074074
0 0.46171875 0.8083333333333333 0.0328125 0.02962962962962963
0 0.46432291666666664 0.8351851851851851 0.027604166666666666 0.022222222222222223
1 0.42239583333333336 0.19074074074074074 0.034375 0.025925925925925925
1 0.41822916666666665 0.4449074074074074 0.027083333333333334 0.025
1 0.45703125 0.7509259259259259 0.0296875 0.020370370370370372
1 0.421875 0.7527777777777778 0.03333333333333333 0.027777777777777776
1 0.42421875 0.7768518518518519 0.03177083333333333 0.027777777777777776
1 0.46015625 0.7763888888888889 0.028645833333333332 0.021296296296296296
1 0.4244791666666667 0.8393518518518519 0.0375 0.026851851851851852
1 0.425 0.8657407407407407 0.036458333333333336 0.027777777777777776
1 0.4640625 0.8671296296296296 0.0375 0.028703703703703703
1 0.4627604166666667 0.8939814814814815 0.030729166666666665 0.023148148148148147
1 0.42213541666666665 0.9226851851851852 0.0265625 0.026851851851851852
1 0.42630208333333336 0.9560185185185185 0.025520833333333333 0.025
0 0.4234375 0.9879629629629629 0.03125 0.020370370370370372
